elo_red,ratio_td_diff,adjusted_sig_str_blue,lose_streak_diff,proba_fair_close2_diff,adjusted_td_blue,sig_str_absorbed_total_diff,elo_blue,adjusted_td_red,age_blue,age_red,elo_pred,proba_fair_close1_diff,sub_att_pm_red,sub_att_pm_blue,sig_str_accuracy_pct_diff,adjusted_sig_str_red,sig_str_defense_pct_diff,proba_fair_open_diff,win_pct_red,win_pct_blue,td_landed_pm_diff,reach_diff,win_streak_diff,ratio_control_diff,fighter_red,fighter_blue,date,close1_red,close2_red,close1_blue,close2_blue,pred_name_open,pred_winner_open,choice_proba_open,fstar_open,stake_open,edge_open,ev_open,pred_name_close1,pred_winner_close1,choice_proba_close1,fstar_close1,stake_close1,edge_close1,ev_close1,pred_name_close2,pred_winner_close2,choice_proba_close2,fstar_close2,stake_close2,edge_close2,ev_close2,open_red,open_blue
1636.440165549963,,,0.0,-0.23286734690977112,,,1500.0,1.7163247278631941,28.0,32.0,1,-0.25296553629806795,0.08636305449388701,,,2.24931251973022,,-0.16796527007262024,0.7692307692307693,0.0,,-3.0,3.0,,nathaniel wood,losene keita,2026-03-21,140.0,150.0,-194.0,-170.0,losene keita,0,,0.0,0.0,,,losene keita,0,,0.0,0.0,,,losene keita,0,,0.0,0.0,,,130.0,-150.0
1527.6061211231838,-0.12047189295845773,1.7962858223278926,0.0,0.37786666037966865,-4.3927357962271705,-138.0,1500.7769386302707,-3.538582874819237,25.0,26.0,1,0.36531250652385266,0.0,0.0,0.02954015775142038,-1.1442824290184983,-0.001366345982210193,0.16796527007262024,1.0,0.5,0.0,0.0,0.0,0.22271882307919533,luke riley,michael aswell jr,2026-03-21,-250.0,-230.0,175.0,210.0,luke riley,1,0.5091863494367797,0.0,0.0,-0.09081365056322044,-0.1280796398935387,luke riley,1,0.5135779858747914,0.0,0.0,-0.20070772841092288,-0.2476770213108438,luke riley,1,0.6239312972529306,0.0,0.0,-0.0730383997167664,-0.09435170297101547,-150.0,130.0
1583.8679529952217,-0.8955733487455378,-1.3177792746941832,0.0,0.2871694441316013,-1.7980178550796502,48.0,1579.5395140324074,-3.1001485218958975,29.0,38.0,1,0.32025675890560323,0.0,0.14319183841111408,0.05071193536167523,-0.7701768855575666,0.010021882777472846,0.18521627092038806,0.75,0.8,-0.14319183841111408,1.0,-2.0,0.09452391695324147,michael page,sam patterson,2026-03-21,-225.0,-185.0,160.0,175.0,michael page,1,0.546661817856864,0.0,0.0,-0.06118131939803806,-0.07753237739075258,michael page,1,0.5478571710165958,0.0,0.0,-0.14445052129109648,-0.17007480958366084,michael page,1,0.620167564732978,0.0,0.0,-0.02895524228456592,-0.03638550843416155,-155.0,135.0
1526.627393153964,-0.3616767884969081,-0.6207176620322773,-2.0,0.573065156272396,0.5055806371877222,-48.0,1482.5367111208777,-3.075459417930883,38.0,27.0,1,0.5900163330251511,0.0,0.0,0.0014118939516564177,-0.33995720304977517,0.0035066748684998705,0.6087615604788202,1.0,0.16666666666666666,-0.2658664168791701,-7.0,1.0,-0.867195855930813,iwo baraniewski,austen lane,2026-03-21,-450.0,-400.0,300.0,320.0,iwo baraniewski,1,0.5750802220400664,0.0,0.0,-0.24310159614175175,-0.2850646905450629,iwo baraniewski,1,0.5821352957532757,0.0,0.0,-0.2360465224285424,-0.26776186676559455,iwo baraniewski,1,0.7529264634386472,0.0,0.0,-0.047073536561352824,-0.0427269201959635,-450.0,350.0
1622.544053508812,0.11080139834772895,0.3114569566529672,1.0,-0.5166553590225461,-1.1298957977216781,396.0,1599.6536770733928,-1.1192573791154188,30.0,37.0,1,-0.5058751322812176,0.10504140023862532,0.0,-0.12871783155600697,0.31879353241869146,0.10543402564607074,-0.3988597902453774,0.6923076923076923,0.75,0.06000349795190364,-3.0,-3.0,-0.18534218621081777,roman dolidze,christian leroy duncan,2026-03-21,225.0,285.0,-370.0,-333.0,christian leroy duncan,0,0.5455640838234465,0.0,0.0,-0.16872163046226785,-0.21998746746770423,christian leroy duncan,0,0.5409820978383699,0.0,0.0,-0.2462519447148216,-0.28150470614539214,christian leroy duncan,0,0.7735132191644336,0.01931106025647342,9.65553012823671,0.00446010138152364,0.020025036753171688,210.0,-250.0
1500.0,,1.4700304406731386,-1.0,0.26064571403357223,4.165194749154476,,1521.0336668208745,,29.0,23.0,0,0.24484305469297762,,0.05821130959783655,,,,0.06917245486583007,0.0,0.6666666666666666,,2.0,0.0,,kurtis campbell,danny silva,2026-03-21,-200.0,-175.0,130.0,165.0,danny silva,0,,0.0,0.0,,,danny silva,0,,0.0,0.0,,,danny silva,0,,0.0,0.0,,,-125.0,105.0
1480.090453960307,0.6289769847848221,-0.5572493837838064,0.0,0.13115928597434506,1.988391831810099,305.0,1522.1562979522985,3.919207256101891,28.0,30.0,0,0.10834736912096737,0.0529969485658807,0.0,-0.010758408264505803,1.1127794136308005,-0.01507552959422731,0.34297776634041754,0.5,1.0,0.3642196153666429,0.0,1.0,-0.1845165965445945,mason jones,axel sola,2026-03-21,-145.0,-135.0,105.0,125.0,mason jones,1,0.6834186796962838,0.0,0.0,-0.004081320303716218,0.017766186194702716,mason jones,1,0.6750773996661371,0.07988797241762127,39.943986208810635,0.08324066497225957,0.21816935461585918,mason jones,1,0.6824601148427799,0.08435624974178355,42.17812487089177,0.10799202973639688,0.20665607983747447,-220.0,185.0
1708.4670733100502,1.1759999241526151,0.7330458043346755,0.0,0.345801362278382,1.938132190173105,13.0,1662.53697067656,5.484194494977195,34.0,32.0,1,0.39506320893088986,0.04203671520165833,0.10909576826034978,-0.050554464469147686,0.36210524199649724,-0.0353604838298458,0.3988597902453774,1.0,0.9,0.6527364072722138,-1.0,0.0,0.850334952882009,movsar evloev,lerone murphy,2026-03-21,-275.0,-210.0,180.0,200.0,movsar evloev,1,0.6498584404583794,0.0,0.0,-0.06442727382733493,-0.0708740861807371,movsar evloev,1,0.6522504279193274,0.0,0.0,-0.08108290541400587,-0.06491630810165067,movsar evloev,1,0.7362464204238854,0.1033588382674696,51.6794191337348,0.05882706558517581,0.09413831945815976,-250.0,210.0
1500.0,,-1.3846348490856841,-3.0,0.6694834021060405,-3.5771595415116173,,1435.0782104651562,,35.0,26.0,1,0.6652188741807832,,0.0,,,,0.5647042644718702,0.0,0.0,,-5.0,0.0,,mantas kondratavicius,antonio trocoli,2026-03-21,-600.0,-549.0,350.0,430.0,antonio trocoli,0,,0.0,0.0,,,antonio trocoli,0,,0.0,0.0,,,antonio trocoli,0,,0.0,0.0,,,-400.0,300.0
1478.1347099678014,-0.3465880164950832,,1.0,-0.42060800184138775,,2.0,1526.125,-6.856987080090852,31.0,32.0,0,-0.4441999417122228,0.0,0.0,-0.01860452938074114,-0.8414910189301853,0.00858295622325711,0.22551388679589196,0.0,1.0,0.0,-3.0,-1.0,-0.4140059857582159,louie sutherland,brando pericic,2026-03-21,210.0,225.0,-300.0,-260.0,brando pericic,0,,0.0,0.0,,,brando pericic,0,,0.0,0.0,,,brando pericic,0,,0.0,0.0,,,-170.0,145.0
1476.5569495849209,-1.937704749965294,-0.4856186996221465,0.0,-0.04757444659978871,7.0,12.0,1473.875,2.2383962273116826,30.0,32.0,1,-0.0709523494983566,0.0,0.0,-0.029123851702109904,0.7435449707089011,0.025320959095856077,-0.2688079597870374,0.0,0.0,-3.473469387755102,4.0,0.0,-1.8152727920993867,shem rock,abdul kareem al selwady,2026-03-21,-105.0,105.0,-138.0,-115.0,abdul kareem al selwady,0,0.6229232267200344,0.0,0.0,-0.02619958029750946,-0.0180969122788468,abdul kareem al selwady,0,0.6195567533257622,0.07566952765738005,37.83476382869003,0.03972482055265303,0.1570202047102618,abdul kareem al selwady,0,0.6806364547334774,0.0846729619125961,42.33648095629805,0.14575273380324483,0.2994521906155375,160.0,-185.0
1500.0,,-1.3110468218974025,-2.0,0.4999999999996253,1.4590558857407825,,1452.6935909605454,,29.0,24.0,1,0.5134143427895033,,0.0,,,,0.30164473107274065,0.0,0.0,,0.0,0.0,,shanelle dyer,ravena oliveira,2026-03-21,-400.0,-300.0,210.0,300.0,ravena oliveira,0,,0.0,0.0,,,ravena oliveira,0,,0.0,0.0,,,ravena oliveira,0,,0.0,0.0,,,-200.0,170.0
1498.9647634369676,1.4504158959174778,0.7887657820385363,0.0,-0.07433722193847309,-0.5058198874555937,-272.0,1520.87837374143,2.661356350691095,32.0,34.0,0,-0.059172338995422624,0.0,0.08508527402173334,-0.02598121270445558,0.3029502129011284,0.03782454015438874,0.0,0.5,0.6,0.3800228182665071,-1.0,0.0,1.6878177488195998,melissa mullins,luana carolina,2026-03-21,-105.0,112.0,-132.0,-120.0,melissa mullins,1,0.6318046782119339,0.07481683349881321,37.408416749406605,0.10799515440241003,0.26360935642386774,melissa mullins,1,0.6268643341017494,0.07307257750484798,36.53628875242399,0.11466921215052983,0.3325805778975699,melissa mullins,1,0.5509237175048418,0.07069777152446662,35.34888576223331,0.0792256042972947,0.19033352223270028,-110.0,-110.0
1557.3427505287923,,,0.0,0.6919897839186335,,,1500.0,0.4812349893783564,25.0,28.0,1,0.7163462889816856,0.4221699423921053,,,-0.5674175249664067,,0.47262075541099285,1.0,0.0,,3.0,2.0,,mario pinto,felipe franco,2026-03-21,-800.0,-549.0,350.0,550.0,felipe franco,0,,0.0,0.0,,,felipe franco,0,,0.0,0.0,,,felipe franco,0,,0.0,0.0,,,-300.0,250.0
